10.50
9.86
10.65
11.52
9.77
9.77
11.58
10.77
9.53
10.54
9.54
9.53
10.24
8.09
8.28
9.44
8.99
10.31
9.09
8.59
11.47
9.77
10.07
8.58
9.46
10.11
8.85
10.38
9.40
9.71
9.40
11.85
9.99
8.94
10.82
8.78
10.21
8.04
8.67
10.20
10.74
10.17
15.00
9.70
8.52
9.28
9.54
11.06
10.34
8.24
10.32
9.61
9.32
10.61
11.03
10.93
9.16
9.69
10.33
10.98
9.52
9.81
8.89
8.80
10.81
11.36
9.93
11.00
10.36
9.35
10.36
11.54
9.96
11.56
7.38
10.82
10.09
9.70
10.09
8.01
9.78
10.36
11.48
9.48
9.19
9.50
10.92
10.33
9.47
10.51
10.10
10.97
9.30
9.67
9.61
8.54
10.30
10.26
10.01
9.77
